initial: 6
0.50751 0.49249 0.00000 0.00000 0.00000 0.00000

transition: 6
0.29202 0.50826 0.00627 0.19325 0.00000 0.00019
0.00045 0.50211 0.19893 0.00000 0.00000 0.29852
0.00260 0.00014 0.20205 0.78863 0.00000 0.00658
0.00016 0.00081 0.00445 0.28221 0.51250 0.19987
0.00000 0.00000 0.00000 0.00000 0.50078 0.49922
0.59849 0.00000 0.20645 0.19506 0.00000 0.00000

observation: 6
0.00025 0.29975 0.00123 0.10009 0.29877 0.09840
0.09987 0.39656 0.00000 0.10143 0.00000 0.10062
0.40441 0.19998 0.49047 0.29591 0.30229 0.00000
0.49547 0.10371 0.50681 0.40261 0.00000 0.00000
0.00000 0.00000 0.00148 0.09995 0.00000 0.80098
0.00000 0.00000 0.00000 0.00000 0.39894 0.00000
