initial: 6
0.71943 0.00045 0.09185 0.18827 0.00000 0.00000

transition: 6
0.30903 0.00017 0.49430 0.00000 0.00000 0.19650
0.00114 0.19957 0.79927 0.00001 0.00001 0.00000
0.00000 0.49867 0.20224 0.29909 0.00000 0.00000
0.00000 0.20168 0.00006 0.59798 0.00000 0.20028
0.10495 0.00000 0.00000 0.00000 0.49615 0.39890
0.00000 0.39348 0.00000 0.00000 0.30013 0.30639

observation: 6
0.99553 0.49888 0.29758 0.09849 0.00000 0.09888
0.00247 0.00000 0.39937 0.09978 0.10421 0.09750
0.00200 0.00151 0.20127 0.80173 0.09046 0.30860
0.00000 0.49952 0.10175 0.00000 0.00247 0.39609
0.00000 0.00009 0.00003 0.00000 0.00187 0.09894
0.00000 0.00000 0.00000 0.00000 0.80098 0.00000
