initial: 6
0.00001 0.10312 0.09678 0.21029 0.00000 0.58981

transition: 6
0.20265 0.20248 0.59468 0.00000 0.00020 0.00000
0.00943 0.28729 0.51416 0.00009 0.00003 0.18901
0.49574 0.00557 0.19708 0.30161 0.00000 0.00000
0.20054 0.00006 0.00102 0.59883 0.00000 0.19956
0.00000 0.10184 0.00000 0.00000 0.50242 0.39575
0.39799 0.00000 0.00000 0.00000 0.30277 0.29924

observation: 6
0.49538 0.69992 0.30231 0.10048 0.00000 0.09928
0.00168 0.00124 0.39921 0.09935 0.10313 0.09593
0.00000 0.29849 0.20023 0.19646 0.09838 0.30158
0.50294 0.00036 0.09813 0.00000 0.00304 0.40218
0.00000 0.00000 0.00011 0.60371 0.00204 0.10103
0.00000 0.00000 0.00000 0.00000 0.79341 0.00000
