initial: 6
0.71954 0.00051 0.09171 0.18824 0.00000 0.00000

transition: 6
0.30887 0.00080 0.49361 0.00010 0.00000 0.19662
0.00095 0.20018 0.79831 0.00056 0.00000 0.00000
0.00020 0.49904 0.20185 0.29891 0.00000 0.00000
0.00000 0.20164 0.00001 0.59787 0.00000 0.20047
0.10495 0.00000 0.00000 0.00000 0.49758 0.39747
0.00001 0.39428 0.00000 0.00000 0.30056 0.30515

observation: 6
0.99545 0.49866 0.29765 0.09839 0.00021 0.09896
0.00248 0.00003 0.39973 0.09976 0.10419 0.09745
0.00207 0.00181 0.20104 0.80184 0.09076 0.30883
0.00000 0.49941 0.10154 0.00000 0.00389 0.39588
0.00000 0.00009 0.00004 0.00000 0.00220 0.09888
0.00000 0.00000 0.00000 0.00000 0.79876 0.00000
