initial: 6
0.99987 0.00005 0.00002 0.00002 0.00002 0.00002

transition: 6
0.38610 0.31538 0.07732 0.07515 0.06998 0.07608
0.10005 0.35512 0.28274 0.09269 0.08437 0.08503
0.09706 0.12280 0.30157 0.29845 0.09092 0.08919
0.09658 0.12432 0.10263 0.30560 0.28007 0.09080
0.09735 0.12480 0.10343 0.10315 0.29024 0.28103
0.29643 0.12376 0.10166 0.10129 0.09576 0.28111

observation: 6
0.34174 0.28509 0.27997 0.27947 0.28049 0.28363
0.15395 0.16000 0.15871 0.15853 0.15885 0.15989
0.26493 0.27897 0.27867 0.27797 0.27760 0.27704
0.19695 0.21803 0.21890 0.21891 0.21925 0.22011
0.00875 0.01067 0.01094 0.01103 0.01090 0.01048
0.03369 0.04724 0.05281 0.05409 0.05291 0.04884
