initial: 6
1.00000 0.00000 0.00000 0.00000 0.00000 0.00000

transition: 6
0.68451 0.17973 0.03457 0.03340 0.03592 0.03188
0.00015 0.29398 0.34432 0.12318 0.13839 0.09997
0.00021 0.09002 0.32715 0.35388 0.13359 0.09515
0.00024 0.08537 0.10357 0.33685 0.38309 0.09088
0.00026 0.08876 0.10783 0.11679 0.40047 0.28589
0.00105 0.12071 0.14689 0.15929 0.18234 0.38972

observation: 6
0.27580 0.06607 0.06066 0.06029 0.06019 0.06030
0.23289 0.06751 0.06148 0.06103 0.06090 0.06101
0.31065 0.40715 0.41094 0.41217 0.41269 0.41295
0.11874 0.18644 0.18008 0.17900 0.17881 0.17901
0.01173 0.02714 0.02656 0.02643 0.02640 0.02640
0.05019 0.24568 0.26029 0.26108 0.26101 0.26033
