initial: 6
0.19178 0.07030 0.22353 0.24362 0.20473 0.06604

transition: 6
0.33623 0.32010 0.08686 0.08590 0.08288 0.08803
0.11830 0.33805 0.27534 0.09034 0.08622 0.09175
0.12165 0.11595 0.28733 0.28497 0.09241 0.09769
0.12176 0.11607 0.09593 0.28653 0.28087 0.09883
0.11909 0.11341 0.09381 0.09391 0.28268 0.29709
0.34118 0.10828 0.08958 0.08932 0.08944 0.28220

observation: 6
0.29922 0.30088 0.29806 0.29691 0.29734 0.30018
0.13917 0.13966 0.13891 0.13839 0.13846 0.13936
0.16118 0.15985 0.16210 0.16254 0.16211 0.16006
0.21104 0.21043 0.21121 0.21164 0.21161 0.21065
0.12646 0.12557 0.12784 0.12791 0.12706 0.12527
0.06294 0.06362 0.06189 0.06261 0.06343 0.06448
