initial: 6
0.28478 0.06609 0.27447 0.23568 0.10243 0.03656

transition: 6
0.30075 0.30319 0.09891 0.09906 0.09878 0.09932
0.10000 0.30510 0.29582 0.09890 0.09957 0.10060
0.10174 0.10265 0.29817 0.29880 0.09906 0.09959
0.10176 0.10268 0.09945 0.29897 0.29746 0.09967
0.10062 0.10208 0.09857 0.09887 0.29873 0.30112
0.29981 0.10196 0.09788 0.09827 0.09969 0.30239

observation: 6
0.14795 0.14751 0.14782 0.14800 0.14774 0.14730
0.12812 0.12456 0.12826 0.12808 0.12512 0.12331
0.26184 0.26114 0.26181 0.26162 0.26130 0.26117
0.22493 0.22336 0.22511 0.22471 0.22355 0.22311
0.16338 0.16766 0.16354 0.16398 0.16670 0.16843
0.07378 0.07578 0.07347 0.07362 0.07559 0.07668
