initial: 6
0.79319 0.03162 0.06030 0.05608 0.04156 0.01725

transition: 6
0.33448 0.32229 0.08758 0.08674 0.08259 0.08631
0.11172 0.34019 0.27794 0.09171 0.08717 0.09128
0.11513 0.11668 0.29066 0.28871 0.09260 0.09622
0.11547 0.11714 0.09751 0.29109 0.28146 0.09732
0.11348 0.11537 0.09611 0.09610 0.28474 0.29420
0.32621 0.11129 0.09257 0.09260 0.09195 0.28537

observation: 6
0.32729 0.30635 0.30579 0.30561 0.30546 0.30604
0.13621 0.14211 0.14096 0.14097 0.14116 0.14155
0.17030 0.16132 0.16110 0.16119 0.16092 0.16017
0.19178 0.20684 0.20666 0.20661 0.20703 0.20796
0.12729 0.12803 0.12777 0.12749 0.12741 0.12753
0.04714 0.05536 0.05772 0.05814 0.05803 0.05674
